0.1 0.01 0.001 0.0001 1e-05 1e-06
9.068e-06 1.4257e-05 0.000118455 0.00240796 0.0228747 0.213271
3.226e-06 1.3526e-05 0.000115379 0.00192774 0.0260573 0.248627
3.166e-06 1.3576e-05 0.00011551 0.00331558 0.0211673 0.191016
3.156e-06 1.3586e-05 0.000114929 0.00201791 0.0138804 0.229988
3.076e-06 1.3476e-05 9.6364e-05 0.00194645 0.0188751 0.229715
3.056e-06 1.3365e-05 0.000192937 0.00127689 0.0133662 0.185261
3.056e-06 1.3345e-05 0.000191474 0.00193879 0.00856851 0.222764
3.016e-06 1.3365e-05 0.000214748 0.00206339 0.0186823 0.230612
3.016e-06 1.3376e-05 0.000192176 0.00200281 0.0130311 0.197921
3.006e-06 1.3376e-05 0.000195333 0.00194538 0.0148645 0.219725
