0.1 0.01 0.001 0.0001 1e-05 1e-06
0.00153494 1.7814e-05 0.000142511 0.00156114 0.0248516 0.274681
2.996e-06 9.208e-06 8.0182e-05 0.00255537 0.0170448 0.247879
1.974e-06 8.997e-06 8.0132e-05 0.00272525 0.02042 0.213315
2.114e-06 8.986e-06 8.0193e-05 0.00261817 0.0199741 0.20408
1.843e-06 9.218e-06 8.0123e-05 0.00261752 0.0190954 0.18697
1.833e-06 9.027e-06 8.0153e-05 0.00327291 0.0166705 0.222232
1.843e-06 8.987e-06 8.0032e-05 0.00258697 0.0157629 0.242495
1.813e-06 9.017e-06 8.0103e-05 0.00254844 0.0241741 0.229733
1.793e-06 8.987e-06 8.0183e-05 0.00272138 0.0185635 0.216046
1.793e-06 9.028e-06 8.0213e-05 0.00269043 0.0275524 0.234762
